5.49 8.09 3.67 5.11 6.53 8.59 5.23 7.26
6.06 8.88 3.08 4.06 7.42 9.78 5.52 7.57
6.76 9.88 3.39 4.38 8.24 10.87 6.13 8.38
7.34 10.62 3.56 4.62 8.87 11.62 6.59 8.95
6.92 9.95 3.30 4.41 7.46 9.80 5.89 8.05
7.63 10.28 4.27 6.10 8.67 11.26 6.86 9.21
10.69 13.97 5.13 6.98 14.15 18.71 9.99 13.22
6.66 9.69 3.79 5.13 7.68 10.05 6.04 8.29
7.91 10.67 4.78 6.89 9.00 11.56 7.23 9.71
10.69 14.20 5.31 7.40 14.82 19.42 10.27 13.68
5.46 7.99 3.67 5.11 6.38 8.39 5.17 7.16
5.59 8.13 4.09 5.86 3.40 4.68 4.36 6.23
6.47 9.10 4.33 6.34 2.44 4.50 4.41 6.65
6.80 9.63 4.91 7.18 2.98 5.16 4.90 7.32
5.36 7.92 3.81 5.25 6.49 8.53 5.22 7.23
5.80 8.36 4.31 5.97 3.78 5.54 4.63 6.63
6.86 9.53 4.30 6.08 2.77 5.50 4.64 7.04
7.25 10.05 4.39 6.51 3.20 5.90 4.94 7.49
6.59 9.62 3.21 4.16 8.04 10.62 5.95 8.13
6.97 9.82 4.07 5.66 6.96 9.50 6.00 8.33
