2.56 4.54 2.41 3.44 2.77 4.26 2.58 4.08
2.76 4.84 2.29 3.11 3.25 4.94 2.77 4.30
3.24 5.44 2.55 3.43 3.58 5.51 3.12 4.79
3.52 5.92 2.60 3.52 3.85 5.97 3.33 5.14
3.21 5.50 2.47 3.43 3.46 5.13 3.05 4.68
3.71 5.93 2.96 4.25 4.60 6.64 3.76 5.61
5.25 8.06 3.44 4.84 6.30 9.92 5.00 7.60
3.15 5.36 2.49 3.58 3.38 5.13 3.01 4.69
3.71 5.88 3.03 4.59 4.52 6.54 3.76 5.67
5.18 8.17 3.49 4.98 6.41 10.26 5.03 7.80
2.53 4.44 2.33 3.38 2.79 4.25 2.55 4.03
2.81 4.66 2.60 3.93 1.94 2.80 2.45 3.80
3.08 4.91 2.33 3.89 1.60 2.74 2.34 3.85
3.21 5.17 2.91 4.65 1.99 3.28 2.70 4.36
2.47 4.44 2.45 3.51 2.76 4.22 2.56 4.05
2.82 4.84 2.77 4.04 2.29 3.31 2.63 4.06
3.15 5.01 2.51 3.96 1.88 3.27 2.51 4.08
3.53 5.50 3.06 4.66 2.22 3.69 2.94 4.62
3.14 5.28 2.42 3.30 3.43 5.31 3.00 4.63
3.32 5.47 2.69 3.92 3.31 5.11 3.11 4.83
