2.34 4.20 1.97 2.93 2.37 3.84 2.22 3.66
2.55 4.51 1.98 2.76 2.61 4.32 2.38 3.86
2.97 5.04 2.28 3.09 2.95 4.83 2.73 4.32
3.30 5.57 2.40 3.28 3.07 5.06 2.93 4.63
3.07 5.21 2.22 3.14 2.83 4.52 2.70 4.29
3.53 5.72 2.68 4.01 3.96 6.05 3.39 5.26
4.90 7.81 3.33 4.66 5.60 9.36 4.61 7.27
2.83 4.89 2.30 3.33 2.87 4.55 2.66 4.26
3.29 5.35 2.75 4.30 4.11 6.15 3.38 5.27
4.49 7.20 3.50 4.94 5.89 9.80 4.63 7.31
2.37 4.19 2.09 3.07 2.35 3.79 2.27 3.68
2.48 4.25 2.61 3.88 1.82 2.64 2.31 3.59
2.69 4.49 2.31 3.72 1.50 2.55 2.17 3.59
2.89 4.79 2.67 4.38 1.78 3.01 2.45 4.06
2.29 4.11 1.99 2.94 2.34 3.79 2.21 3.61
2.48 4.47 2.44 3.75 2.03 2.90 2.31 3.71
2.59 4.37 2.19 3.58 1.62 2.71 2.13 3.55
2.91 4.76 2.49 4.09 2.02 3.13 2.47 4.00
2.92 4.97 2.13 2.94 2.80 4.67 2.62 4.19
3.00 5.05 2.44 3.62 2.87 4.61 2.77 4.43
