3.09 5.04 2.71 4.00 2.99 4.29 2.93 4.44
3.51 5.65 2.40 3.46 3.30 4.80 3.07 4.64
4.08 6.51 2.69 3.81 3.76 5.43 3.51 5.25
4.49 7.14 2.73 3.89 4.03 5.82 3.75 5.62
4.19 6.64 2.60 3.66 3.59 5.08 3.46 5.13
4.87 7.33 3.18 4.67 5.03 6.99 4.36 6.33
6.69 9.82 3.78 5.23 7.61 11.50 6.03 8.85
3.95 6.23 3.13 4.65 3.63 5.19 3.57 5.36
4.19 6.23 3.75 5.99 5.42 7.74 4.45 6.65
6.03 8.84 4.30 6.31 8.73 13.84 6.35 9.66
3.09 4.99 2.68 3.92 2.98 4.25 2.92 4.39
3.43 5.38 2.90 4.75 2.41 3.44 2.91 4.52
4.05 6.46 3.18 5.39 2.00 3.66 3.08 5.17
4.34 6.89 3.61 6.09 2.51 4.27 3.49 5.75
3.09 4.97 2.85 4.22 2.92 4.22 2.95 4.47
3.27 5.17 3.07 4.37 2.57 3.66 2.97 4.40
4.15 6.06 3.03 4.52 2.19 3.79 3.12 4.79
4.62 6.58 3.20 4.99 2.58 4.17 3.46 5.25
4.08 6.39 2.51 3.61 3.66 5.29 3.41 5.10
4.17 6.44 3.07 4.61 3.78 5.65 3.67 5.57
