2.68 4.31 2.37 3.39 2.88 4.20 2.64 3.97
2.96 4.69 2.12 2.92 3.21 4.74 2.76 4.12
3.47 5.36 2.39 3.22 3.64 5.33 3.17 4.63
3.82 5.84 2.52 3.36 3.91 5.67 3.42 4.96
3.50 5.40 2.43 3.30 3.37 4.89 3.10 4.53
4.04 6.00 2.88 4.09 4.68 6.47 3.87 5.52
5.78 8.36 3.56 4.82 6.80 10.24 5.38 7.81
3.28 5.12 2.51 3.54 3.48 5.05 3.09 4.57
3.70 5.57 3.14 4.62 4.68 6.56 3.84 5.58
5.43 8.03 3.68 5.05 6.81 10.41 5.31 7.83
2.74 4.35 2.38 3.39 2.84 4.13 2.65 3.96
2.98 4.62 2.60 3.86 2.25 3.03 2.61 3.84
3.49 5.50 2.51 4.00 1.77 3.09 2.59 4.19
3.72 5.76 3.18 4.93 2.26 3.68 3.05 4.79
2.61 4.19 2.52 3.54 2.87 4.18 2.67 3.97
3.07 4.76 2.91 4.12 2.58 3.51 2.85 4.13
3.82 5.41 2.74 4.08 2.13 3.52 2.90 4.34
4.04 5.72 3.08 4.58 2.41 3.87 3.17 4.72
3.30 5.14 2.31 3.13 3.50 5.16 3.04 4.48
3.60 5.48 2.73 3.89 3.48 5.14 3.27 4.84
