2.91 4.60 2.34 3.32 3.05 4.39 2.77 4.10
3.08 4.88 2.20 3.01 3.59 5.11 2.95 4.34
3.58 5.53 2.36 3.20 4.04 5.74 3.33 4.82
3.92 6.07 2.58 3.44 4.36 6.18 3.62 5.23
3.59 5.57 2.40 3.24 3.64 5.12 3.21 4.64
4.12 6.12 2.90 4.10 4.73 6.64 3.92 5.62
5.85 8.59 3.62 4.90 6.80 10.41 5.42 7.97
3.47 5.37 2.79 3.86 3.75 5.30 3.34 4.84
3.85 5.86 3.32 4.77 5.02 7.16 4.07 5.93
5.65 8.37 3.95 5.27 7.51 11.71 5.70 8.45
2.84 4.50 2.52 3.49 3.12 4.46 2.83 4.15
3.01 4.68 2.59 3.91 2.18 2.98 2.59 3.86
3.72 5.55 2.55 4.05 1.89 3.02 2.72 4.21
3.88 5.79 3.29 5.00 2.34 3.59 3.17 4.79
2.79 4.46 2.54 3.55 3.10 4.43 2.81 4.15
3.29 5.09 2.85 4.03 2.63 3.63 2.92 4.25
4.01 5.83 2.66 3.82 2.24 3.70 2.97 4.45
4.28 6.26 3.06 4.44 2.70 4.12 3.35 4.94
3.41 5.31 2.38 3.21 3.92 5.58 3.24 4.70
3.75 5.71 2.78 3.92 3.72 5.44 3.42 5.02
