3.10 4.89 2.66 3.64 3.56 4.80 3.11 4.44
3.36 5.28 2.37 3.14 4.00 5.44 3.24 4.62
3.88 5.94 2.56 3.45 4.48 6.06 3.64 5.15
4.20 6.42 2.73 3.60 4.89 6.59 3.94 5.54
3.97 6.01 2.56 3.44 4.19 5.61 3.57 5.02
4.41 6.37 3.22 4.53 5.10 6.85 4.24 5.92
6.45 9.01 4.03 5.44 7.22 10.48 5.90 8.31
3.82 5.85 2.87 3.95 4.26 5.78 3.65 5.19
4.43 6.41 3.54 5.13 5.21 7.09 4.39 6.21
6.38 9.14 4.15 5.65 7.51 11.11 6.01 8.63
3.14 4.89 2.63 3.63 3.46 4.68 3.08 4.40
3.42 5.12 3.01 4.41 2.65 3.56 3.03 4.36
4.31 6.13 3.21 4.70 2.13 3.53 3.22 4.79
4.43 6.35 3.81 5.55 2.68 4.18 3.64 5.36
3.00 4.81 2.77 3.78 3.56 4.80 3.11 4.46
3.53 5.33 3.44 4.66 2.98 4.06 3.32 4.68
4.53 6.23 3.14 4.44 2.62 4.17 3.43 4.95
4.83 6.69 3.59 5.11 3.06 4.66 3.83 5.49
3.72 5.74 2.48 3.31 4.36 5.92 3.52 4.99
4.15 6.14 3.09 4.29 4.10 5.76 3.78 5.40
