3.01 5.28 2.77 3.99 3.01 4.38 2.93 4.55
3.41 5.82 2.60 3.64 3.36 4.93 3.12 4.80
3.95 6.57 2.80 3.87 3.72 5.50 3.49 5.32
4.32 7.17 2.93 4.07 3.94 5.83 3.73 5.69
4.05 6.72 2.60 3.70 3.58 5.10 3.41 5.17
4.28 6.78 3.11 4.87 4.78 6.76 4.05 6.14
6.31 9.38 3.81 5.48 6.87 10.58 5.66 8.48
3.83 6.39 3.14 4.63 3.49 5.09 3.49 5.37
4.30 6.87 3.94 6.28 5.25 7.31 4.50 6.82
6.32 9.57 4.13 6.27 8.06 12.69 6.17 9.51
3.02 5.28 2.93 4.16 2.95 4.36 2.97 4.60
3.13 5.32 3.01 4.85 2.28 3.25 2.81 4.47
3.59 6.08 3.09 5.48 1.85 3.44 2.84 5.00
3.84 6.50 3.77 6.26 2.34 4.07 3.32 5.61
2.94 5.18 2.98 4.28 2.96 4.34 2.96 4.60
3.24 5.53 3.07 4.39 2.74 3.96 3.01 4.63
3.90 6.16 3.01 4.73 2.48 4.09 3.13 4.99
4.31 6.76 3.39 5.37 2.81 4.55 3.50 5.56
3.73 6.34 2.69 3.79 3.59 5.34 3.34 5.16
3.97 6.51 3.15 4.74 3.69 5.56 3.60 5.60
